1 0.48136923688394284 0.10928489042675889 0.020700847906730237 0.08746635909265665
1 0.4971018812930579 0.22077401165066982 0.02566905140434558 0.10137725491805621
1 0.4230027742511872 0.6998812714534255 0.0137390087929656 0.06475211987272923
1 0.4322083548331614 0.6035180885219584 0.008465557275541767 0.0858201467721591
1 0.4351645811833505 0.5515601708519665 0.002015608875128995 0.016662366701066435
1 0.35071336841445844 0.7382305957526781 0.001957652070412833 0.021273152498486145
1 0.43582737148913625 0.3555131929314936 0.020700847906730237 0.051137739046235794
1 0.4267189984101749 0.45203945775841203 0.030637254901960783 0.10620915032679738
1 0.4622844827586208 0.4814627000225378 0.011409736308316447 0.029299075952220036
1 0.44622633536173095 0.5211150552174894 0.014367816091954016 0.03507437457741725
1 0.32241329025889537 0.4143518518518518 0.0026697177726926436 0.05691721132897605
1 0.3109811191425723 0.9796132436025258 0.0035051096709870413 0.038945663010967004
1 0.31176003240279165 0.9465527030021047 0.004024385177799953 0.021636479450537306
1 0.3129284022931207 0.9058761216350949 0.005582211698238619 0.056601030242605516
1 0.314551138251911 0.8406204996122744 0.002336739780658051 0.04552315276393034
1 0.3161089647723497 0.77077794394594 0.003634928547690278 0.09312340755511248
1 0.31769816931511946 0.6954124461791036 0.001161602081590952 0.04065607285568262
1 0.3183515704860143 0.6626939875476258 0.0018876033825853144 0.019747235387045765
1 0.3195857726977047 0.6141003004677384 0.002032803642784131 0.042979277018864434
1 0.32038437412879844 0.5248505405321687 0.0030492054641761968 0.0321376575906824