9 0.0503125 0.685 0.025625 0.05333333333333338
9 0.0965625 0.5629166666666667 0.023125000000000007 0.019166666666666644
9 0.2203125 0.5675 0.028125 0.030000000000000072
9 0.35343749999999996 0.5783333333333334 0.030624999999999993 0.03833333333333341
9 0.421875 0.5670833333333334 0.04500000000000002 0.05249999999999998
9 0.38875000000000004 0.5233333333333333 0.015000000000000036 0.0183333333333333
9 0.4206250000000001 0.4891666666666667 0.01749999999999998 0.031666666666666704
9 0.46624999999999994 0.4995833333333334 0.07749999999999994 0.06750000000000002
9 0.5153125000000001 0.5629166666666666 0.025624999999999964 0.025833333333333285
9 0.673125 0.5733333333333335 0.027500000000000035 0.02666666666666669
9 0.735625 0.35833333333333334 0.036250000000000074 0.036666666666666715
9 0.8365624999999998 0.37958333333333333 0.06312499999999996 0.06083333333333337
9 0.8799999999999999 0.4304166666666667 0.03249999999999993 0.04250000000000001