9 0.12682291666666667 0.44930555555555557 0.0453125 0.06111111111111113
9 0.16927083333333331 0.4222222222222223 0.05 0.06111111111111113
9 0.20208333333333334 0.4527777777777777 0.01562500000000002 0.02361111111111113
9 0.2234375 0.48125 0.010416666666666696 0.026388888888888927
9 0.25260416666666663 0.49513888888888885 0.01875 0.025
9 0.26328125 0.4347222222222223 0.0578125 0.051388888888888866
9 0.2736979166666667 0.5326388888888889 0.013020833333333348 0.029166666666666726
9 0.3760416666666667 0.49166666666666664 0.029166666666666653 0.03333333333333333
9 0.4057291666666667 0.46041666666666664 0.018750000000000044 0.030555555555555596
9 0.47526041666666663 0.5788194444444446 0.011979166666666697 0.025694444444444405
9 0.5302083333333334 0.607638888888889 0.027083333333333303 0.04583333333333333
9 0.55 0.5465277777777777 0.021875 0.04166666666666661
9 0.5151041666666667 0.646875 0.0125 0.015972222222222145
9 0.5580729166666666 0.6340277777777779 0.024479166666666698 0.030555555555555596
9 0.6770833333333333 0.6378472222222222 0.015625 0.035416666666666666