9 0.38645833333333335 0.571875 0.0416666666666667 0.06041666666666667
9 0.3825520833333333 0.6527777777777778 0.03802083333333335 0.06666666666666667
9 0.39609375 0.8513888888888889 0.03802083333333335 0.061111111111111074
9 0.42109375 0.546875 0.025520833333333392 0.06041666666666667
9 0.45390625 0.5659722222222222 0.0171875 0.05
9 0.5796875 0.5958333333333333 0.03125 0.052777777777777854
9 0.6752604166666666 0.5965277777777778 0.028645833333333304 0.058333333333333334
9 0.4729166666666666 0.621875 0.023958333333333304 0.05902777777777786
9 0.7 0.6392361111111112 0.015625 0.015972222222222263
9 0.7255208333333333 0.6722222222222223 0.0125 0.008333333333333333
9 0.73671875 0.7413194444444444 0.021354166666666608 0.01875
9 0.8268229166666666 0.8416666666666667 0.0234375 0.0375
9 0.9106770833333332 0.7850694444444445 0.013020833333333393 0.01736111111111107
9 0.9502604166666666 0.8625 0.0484375 0.04305555555555548
9 0.9125 0.646875 0.028125 0.03263888888888881
9 0.9817708333333333 0.7965277777777777 0.033333333333333395 0.05