9 0.3447690217391305 0.36413043478260865 0.015625 0.016304347826086977
9 0.3675271739130435 0.4461050724637681 0.013586956521739158 0.013586956521739128
9 0.37839673913043476 0.47373188405797095 0.024456521739130467 0.02536231884057969
9 0.6216032608695652 0.5538949275362318 0.017663043478260844 0.015398550724637635
9 0.6202445652173912 0.5321557971014492 0.008152173913043459 0.008152173913043488
9 0.6817255434782609 0.5625 0.03464673913043477 0.030797101449275388
9 0.7180706521739131 0.5643115942028984 0.027173913043478225 0.03804347826086953
9 0.6949728260869564 0.6689311594202898 0.0625 0.07155797101449284
9 0.7442255434782609 0.6068840579710143 0.07133152173913046 0.05253623188405795
9 0.806725543478261 0.6856884057971013 0.05502717391304346 0.06340579710144935
9 0.779211956521739 0.7803442028985507 0.02853260869565215 0.04257246376811589
9 0.7707201086956521 0.8401268115942029 0.02377717391304355 0.055253623188405855
9 0.8315217391304348 0.7694746376811594 0.029891304347825987 0.02807971014492748
9 0.8505434782608695 0.7137681159420289 0.03532608695652169 0.05072463768115938
9 0.8084239130434783 0.6539855072463767 0.023097826086956718 0.021739130434782556
9 0.8702445652173914 0.6476449275362318 0.044836956521739066 0.05615942028985508
9 0.9290081521739131 0.6521739130434782 0.06997282608695662 0.04528985507246368
9 0.9171195652173914 0.6992753623188405 0.02038043478260878 0.0344202898550724
9 0.974524456521739 0.7509057971014492 0.029211956521739246 0.045289855072463796
9 0.9021739130434783 0.7685688405797101 0.03804347826086953 0.029891304347826046
9 0.943274456521739 0.6263586956521738 0.03872282608695645 0.0280797101449276
9 0.9677309782608695 0.6019021739130435 0.027853260869565234 0.03170289855072461
9 0.9517663043478262 0.8084239130434782 0.044836956521739066 0.029891304347826046
9 0.8563179347826086 0.8201992753623187 0.007472826086956453 0.01358695652173907
9 0.8739809782608695 0.8528079710144927 0.027853260869565234 0.042572463768116006
9 0.9099864130434783 0.9112318840579708 0.02921195652173907 0.07427536231884051