10 0.37208333333333327 0.6283333333333333 0.0575 0.09666666666666666
10 0.4508333333333333 0.34944444444444445 0.07833333333333335 0.09
10 0.8758333333333335 0.6883333333333334 0.2 0.04777777777777772
10 0.8645833333333335 0.16166666666666665 0.03416666666666671 0.0411111111111111
10 0.7641666666666667 0.15055555555555558 0.02666666666666657 0.03888888888888888
10 0.6820833333333334 0.34722222222222227 0.0225 0.03666666666666667
10 0.7470833333333334 0.34111111111111114 0.029166666666666716 0.06222222222222224
10 0.6891666666666667 0.7333333333333333 0.03 0.03333333333333333
10 0.59375 0.7205555555555556 0.024166666666666715 0.02777777777777781
10 0.47083333333333327 0.675 0.025 0.032222222222222284
10 0.69625 0.5716666666666667 0.025833333333333285 0.03
10 0.415 0.48 0.015 0.022222222222222286
10 0.3795833333333333 0.7355555555555555 0.025833333333333357 0.03333333333333333
10 0.05083333333333332 0.4805555555555555 0.02666666666666668 0.03
10 0.3308333333333333 0.16 0.03 0.03555555555555557
10 0.04166666666666666 0.06944444444444443 0.026666666666666644 0.03
10 0.55875 0.105 0.024166666666666715 0.02555555555555556
10 0.4245833333333333 0.2777777777777778 0.03083333333333336 0.037777777777777764
10 0.40625 0.3455555555555555 0.019166666666666644 0.02444444444444443