10 0.10166666666666666 0.5872222222222223 0.04 0.04777777777777781
10 0.22708333333333333 0.5927777777777777 0.029166666666666643 0.02777777777777781
10 0.47416666666666657 0.5227777777777777 0.29166666666666663 0.05888888888888886
10 0.2529166666666666 0.3894444444444444 0.0325 0.03666666666666667
10 0.39916666666666667 0.40611111111111114 0.018333333333333285 0.036666666666666715
10 0.2845833333333333 0.07833333333333334 0.0275 0.025555555555555547
10 0.3725 0.07222222222222223 0.025 0.08444444444444445
10 0.8454166666666667 0.43111111111111106 0.3025 0.8022222222222222
10 0.66375 0.7272222222222223 0.2775000000000001 0.5322222222222222
10 0.46666666666666656 0.9394444444444444 0.09666666666666664 0.11666666666666667
10 0.09499999999999999 0.9290277777777779 0.18333333333333332 0.14027777777777772
10 0.4208333333333333 0.7288888888888888 0.38500000000000006 0.3177777777777777
10 0.6308333333333335 0.9322222222222221 0.06500000000000007 0.11111111111111105