10 0.4425 0.5994444444444443 0.07833333333333335 0.12555555555555553
10 0.5933333333333334 0.24833333333333332 0.10000000000000007 0.11
10 0.5475 0.23055555555555557 0.023333333333333286 0.023333333333333334
10 0.90375 0.3438888888888889 0.0325 0.03666666666666667
10 0.5612499999999999 0.6977777777777777 0.0275 0.037777777777777806
10 0.6983333333333335 0.805 0.028333333333333287 0.03666666666666667
10 0.8233333333333335 0.875 0.03166666666666671 0.03444444444444457
10 0.52875 0.4105555555555555 0.024166666666666715 0.0388888888888889
10 0.5829166666666666 0.1438888888888889 0.02083333333333343 0.032222222222222215
10 0.095 0.28222222222222226 0.03666666666666668 0.03333333333333333
10 0.32791666666666663 0.7811111111111111 0.024166666666666715 0.02666666666666667
10 0.3908333333333333 0.7622222222222222 0.021666666666666643 0.024444444444444477
10 0.19666666666666666 0.8861111111111111 0.3933333333333333 0.21444444444444447
10 0.6258333333333335 0.826111111111111 0.07500000000000007 0.2277777777777778
10 0.74 0.8211111111111111 0.1666666666666667 0.3555555555555556
10 0.96 0.8688888888888889 0.023333333333333286 0.04666666666666676
10 0.87125 0.6566666666666666 0.035833333333333287 0.037777777777777716
10 0.9904166666666667 0.35611111111111116 0.01583333333333343 0.08555555555555557
10 0.7483333333333334 0.5383333333333333 0.028333333333333287 0.043333333333333335
10 0.43375 0.7422222222222223 0.025833333333333357 0.028888888888888856