12 0.49144553072625696 0.40066340782122906 0.04713687150837993 0.055283985102420864
12 0.49393723252496435 0.43907513076557303 0.05394079885877314 0.010996195910603922
12 0.5059736091298146 0.4523002853067047 0.03878388017118404 0.011293390394674318
12 0.5119917974322397 0.4673086067522586 0.03388017118402287 0.013968140751307642
12 0.5063079529243938 0.4806823585354255 0.054163694721825986 0.022289586305278122
12 0.5141093081312411 0.492867332382311 0.04881419400855922 0.015156918687589165
12 0.5139978601997146 0.5046065145030908 0.05839871611982881 0.014859724203518828
12 0.5000668687589158 0.5329885877318117 0.10453815977175465 0.02228958630527818
12 0.5211305278174037 0.5716238706609605 0.08559201141226822 0.022883975273418854
12 0.49917528530670474 0.6170946267237281 0.038560984308131194 0.018723252496433675
12 0.5359531027104136 0.6356692819781264 0.09250178316690442 0.028530670470756074
12 0.5111002139800286 0.6731157869709938 0.04368758915834521 0.023775558725629982
12 0.5577968972895864 0.6884213029006182 0.0813569900142654 0.02228958630527818
12 0.5687187945791726 0.822010223490252 0.1682863766048502 0.0939134569662387