12 0.4019209956709957 0.4712527056277056 0.17248376623376613 0.3754058441558442
12 0.5448119588744589 0.25480248917748916 0.1352813852813852 0.06876803751803749
12 0.5545353084415585 0.35851821789321786 0.046502976190476275 0.07327741702741705
12 0.5841281114718615 0.3968479437229437 0.04481195887445886 0.06876803751803755
12 0.5443892045454546 0.4684343434343434 0.05664908008658012 0.0789141414141414
12 0.6348586309523809 0.5022546897546897 0.04988501082251078 0.06764069264069265
12 0.5629903950216449 0.642609126984127 0.11583468614718613 0.07553210678210684
12 0.5093005952380952 0.79818272005772 0.05242153679653683 0.11160714285714278
12 0.5621448863636364 0.8601866883116883 0.03635687229437226 0.10258838383838387
12 0.5059185606060607 0.9300820707070708 0.06087662337662326 0.1003336940836943
12 0.6001927759740261 0.9600130772005772 0.0718682359307359 0.07902687590187592