12 0.44926948051948057 0.4199585137085137 0.1234442640692641 0.24801587301587308
12 0.5431209415584416 0.2903138528138528 0.08962391774891772 0.05411255411255413
12 0.5562263257575758 0.3556998556998557 0.029592803030302924 0.05185786435786435
12 0.575673024891775 0.3743010461760461 0.032974837662337594 0.04622113997113996
12 0.6065340909090909 0.4289772727272727 0.032129329004329125 0.04509379509379512
12 0.5519987824675325 0.42108585858585856 0.03466585497835501 0.05185786435786435
12 0.566795183982684 0.5310019841269841 0.07440476190476178 0.055239898989899026
12 0.530861066017316 0.6369724025974026 0.03804788961038952 0.07102272727272728
12 0.570599972943723 0.6815025252525253 0.03128382034632018 0.07440476190476189
12 0.530861066017316 0.7327967171717171 0.04988501082251095 0.08229617604617596
12 0.5980790043290043 0.7592893217893218 0.03551136363636364 0.060876623376623425