15 0.3941200657894737 0.5047971491228069 0.07915296052631585 0.07812499999999994
15 0.490234375 0.48012609649122806 0.09457236842105257 0.07538377192982454
15 0.3108552631578947 0.5315241228070176 0.07298519736842106 0.05756578947368425
15 0.17773437499999997 0.5836074561403509 0.037006578947368404 0.04385964912280696
15 0.563733552631579 0.4451754385964912 0.03186677631578947 0.052083333333333336
15 0.6135896381578947 0.4383223684210526 0.047286184210526286 0.04385964912280702
15 0.11554276315789472 0.5712719298245614 0.035978618421052655 0.03015350877192991
15 0.05592105263157893 0.5870339912280701 0.03392269736842104 0.03426535087719304
15 0.7271792763157895 0.4143366228070175 0.05037006578947363 0.04248903508771929
15 0.6619037828947368 0.42872807017543857 0.030838815789473718 0.046600877192982476
15 0.7739514802631579 0.41091008771929827 0.02055921052631593 0.04385964912280702
15 0.9605263157894737 0.36773574561403505 0.04420230263157894 0.03700657894736844