15 0.5744047619047619 0.4520089285714286 0.10850694444444438 0.10458002645502643
15 0.5079055059523809 0.5051256613756614 0.29606894841269843 0.23313492063492067
15 0.5012400793650794 0.7101521164021164 0.0911458333333333 0.0322420634920635
15 0.24624875992063489 0.6977513227513228 0.04185267857142856 0.03802910052910053
15 0.18424479166666666 0.6743964947089948 0.03441220238095237 0.035962301587301584
15 0.11328125 0.5162037037037037 0.22395833333333331 0.3101851851851852
15 0.2957899305555555 0.41984953703703703 0.09592013888888888 0.1556712962962963
15 0.3923611111111111 0.3778935185185185 0.11371527777777776 0.052083333333333336
15 0.7196180555555556 0.4866898148148148 0.04600694444444446 0.06712962962962964
15 0.6879340277777778 0.5494791666666666 0.06336805555555554 0.06423611111111119
15 0.6875 0.6634837962962962 0.06423611111111108 0.05266203703703702
15 0.7371961805555556 0.6802662037037037 0.03255208333333339 0.037615740740740713
15 0.7063802083333333 0.6163194444444444 0.06640625 0.05092592592592595
15 0.8719618055555556 0.46267361111111105 0.15711805555555564 0.17187499999999994
15 0.9772135416666666 0.4696180555555555 0.04296875 0.0850694444444444